nnodes nedges type
100 180 graph
nodename posx posy weight
0 0 0 83
1 1 0 2
2 2 0 5
3 3 0 49
4 4 0 53
5 5 0 25
6 6 0 38
7 7 0 99
8 8 0 26
9 9 0 92
10 0 1 14
11 1 1 91
12 2 1 10
13 3 1 74
14 4 1 74
15 5 1 36
16 6 1 47
17 7 1 74
18 8 1 55
19 9 1 99
20 0 2 49
21 1 2 49
22 2 2 81
23 3 2 77
24 4 2 21
25 5 2 9
26 6 2 16
27 7 2 38
28 8 2 98
29 9 2 68
30 0 3 24
31 1 3 37
32 2 3 11
33 3 3 62
34 4 3 9
35 5 3 96
36 6 3 96
37 7 3 20
38 8 3 95
39 9 3 39
40 0 4 21
41 1 4 76
42 2 4 24
43 3 4 72
44 4 4 53
45 5 4 31
46 6 4 68
47 7 4 93
48 8 4 8
49 9 4 49
50 0 5 98
51 1 5 34
52 2 5 57
53 3 5 99
54 4 5 75
55 5 5 36
56 6 5 92
57 7 5 76
58 8 5 92
59 9 5 41
60 0 6 56
61 1 6 94
62 2 6 28
63 3 6 97
64 4 6 1
65 5 6 41
66 6 6 32
67 7 6 49
68 8 6 12
69 9 6 67
70 0 7 5
71 1 7 67
72 2 7 53
73 3 7 51
74 4 7 32
75 5 7 98
76 6 7 57
77 7 7 11
78 8 7 73
79 9 7 69
80 0 8 37
81 1 8 15
82 2 8 34
83 3 8 57
84 4 8 59
85 5 8 39
86 6 8 60
87 7 8 84
88 8 8 5
89 9 8 50
90 0 9 39
91 1 9 40
92 2 9 79
93 3 9 89
94 4 9 74
95 5 9 46
96 6 9 66
97 7 9 40
98 8 9 58
99 9 9 34
endpoint1 endpoint2
54 55
86 87
92 93
40 41
72 73
18 19
0 10
34 35
50 60
66 76
94 95
1 11
80 81
96 97
6 7
19 29
44 45
52 53
76 77
84 85
20 30
25 26
21 31
88 98
27 28
35 36
4 5
37 38
14 24
14 15
82 92
11 21
81 91
55 56
12 22
0 1
17 18
33 34
13 23
8 18
42 52
74 84
9 19
15 16
22 32
7 8
6 16
67 68
22 23
35 45
36 46
8 9
37 47
2 12
60 70
65 66
58 59
12 13
20 21
56 66
89 99
54 64
15 25
67 77
73 74
69 79
50 51
16 26
32 42
66 67
17 27
23 24
33 43
75 76
83 84
38 39
90 91
77 78
85 86
62 72
24 25
57 58
10 20
23 33
7 17
42 43
74 75
28 29
36 37
61 62
46 56
30 31
46 47
82 83
27 37
59 69
98 99
65 75
95 96
28 38
16 17
32 33
29 39
61 71
83 93
86 96
85 95
24 34
58 68
25 35
47 48
38 48
57 67
68 78
41 42
2 3
18 28
34 44
75 85
43 44
51 52
77 87
45 46
53 54
30 40
73 83
3 4
71 72
10 11
47 57
5 6
48 58
64 74
49 59
31 32
63 64
1 2
70 71
51 61
52 62
84 94
56 57
53 63
26 36
39 49
55 65
91 92
3 13
60 61
68 69
79 89
93 94
4 14
78 88
5 15
62 63
78 79
80 90
43 53
11 12
44 54
76 86
87 88
48 49
64 65
81 82
45 55
26 27
97 98
31 41
13 14
21 22
63 73
88 89
87 97
40 50
72 82
71 81
41 51
70 80
