nnodes nedges type
30 50 graph
nodename posx posy weight
0 -1.0629760210768118 -3.5636425313673143 3726
1 -0.21420824207333836 -1.4912863625254136 2119
2 2.2806617145810857 -2.7376345906416963 1430
3 0.3990448845632126 -3.264954285428329 1598
4 2.0154045960818285 -3.9784356421317932 4458
5 -1.3806785841530271 -2.9491774547867124 1707
6 -0.2711987071950256 -4.3707486022047854 4013
7 -1.9718659550261326 -1.2567017476444038 1276
8 -2.0853681010416425 -2.7049321200006156 1372
9 0.8659907118717032 -5.396761194284726 1649
10 -0.5736316714649738 -2.1907876569817897 2431
11 1.0355816695672027 -3.010270736383321 2174
12 1.2997702023181172 -6.384952185443454 2621
13 -2.0820903602682006 -3.836690442176823 3406
14 -2.114173962641898 -2.024639214409836 4635
15 0.9288823751032887 -2.146275881486607 1264
16 -0.0349610608215592 -2.616965844120622 2009
17 0.6979111543028308 -1.3092119311503818 2980
18 0.23819042442604027 -1.8773698305844337 4600
19 -3.0560915272440763 -4.384084090238036 1640
20 -1.055845795565011 -1.3936799476963615 3123
21 -0.28028482716969155 -3.486512513392664 1203
22 -0.7095646684906445 -5.444973778432317 2658
23 1.6372188147653002 -0.990537995886627 4217
24 0.9989812934554249 -3.6379570317969967 3375
25 -1.1019220862140968 -0.8540240391317407 2576
26 -0.08929150269638855 -4.8667050968520185 1069
27 -3.2263564005077616 -1.595249040870452 2600
28 0.6894045010742029 -4.262326223523304 4728
29 1.2647690308979647 -2.025485987007679 3980
endpoint1 endpoint2
9 26
2 29
10 17
17 29
21 28
6 28
22 26
5 13
7 25
1 15
3 21
10 21
0 16
3 28
6 24
1 20
7 20
0 21
1 16
16 29
9 28
14 27
6 22
17 23
1 10
3 16
18 20
4 28
21 26
23 29
5 21
11 21
13 19
14 20
0 8
6 26
15 17
15 24
5 10
0 13
10 25
11 29
1 18
0 6
3 18
18 29
5 14
7 8
2 4
9 12
