nnodes nedges type
20 30 graph
nodename posx posy weight
0 -0.8882597899993792 0.5212162802905282 76
1 1.1536221718454613 -0.8206829144520142 18
2 -0.5210068885175331 1.4693390808699982 39
3 0.5539852191816127 -1.332096137340496 97
4 1.5466130722925584 0.9846921080727468 91
5 0.7530989231942555 1.5489483903383714 49
6 -0.3280810747842024 0.5157366981573946 12
7 0.47292962772479136 0.7568061126008911 12
8 0.24141012958492158 2.076316335938296 36
9 -1.6450186978441714 0.7664514963328961 95
10 1.4135246301653954 0.006241108412811488 38
11 0.6369138733643765 1.0111791917809851 45
12 1.8107944386623012 0.29236046200900523 69
13 -0.9683910349490448 -1.6922987056088672 94
14 0.1772618063542247 2.445266746870924 15
15 0.29423990394591937 -0.07560469552911674 85
16 -0.26428492123160935 -0.7802496217632252 75
17 2.936153084698481 0.0761186953782118 14
18 -1.5697550232988173 -2.558918593992458 15
19 1.8129208523916533 1.4707143290008406 63
endpoint1 endpoint2
3 15
6 9
4 7
10 11
7 12
5 6
2 8
0 7
5 19
4 12
11 14
11 19
7 15
1 16
13 16
12 17
1 10
6 15
4 10
2 6
4 5
6 11
2 7
1 12
12 19
0 6
13 18
11 15
7 8
6 16
