nnodes nedges type
25 40 graph
nodename posx posy weight
0 0 0 16
1 1 0 30
2 2 0 1
3 3 0 28
4 4 0 46
5 0 1 86
6 1 1 40
7 2 1 84
8 3 1 81
9 4 1 27
10 0 2 68
11 1 2 60
12 2 2 29
13 3 2 43
14 4 2 33
15 0 3 61
16 1 3 3
17 2 3 82
18 3 3 47
19 4 3 6
20 0 4 38
21 1 4 5
22 2 4 10
23 3 4 41
24 4 4 66
endpoint1 endpoint2
11 16
8 13
10 11
22 23
5 6
7 12
15 20
8 9
10 15
15 16
1 6
16 21
18 19
1 2
16 17
18 23
4 9
6 7
12 13
20 21
12 17
3 4
9 14
6 11
14 19
19 24
0 5
2 3
17 22
11 12
23 24
0 1
2 7
17 18
5 10
13 14
21 22
3 8
13 18
7 8
