nnodes nedges type
25 40 graph
nodename posx posy weight
0 0 0 25
1 1 0 49
2 2 0 14
3 3 0 59
4 4 0 9
5 0 1 72
6 1 1 70
7 2 1 66
8 3 1 91
9 4 1 39
10 0 2 97
11 1 2 76
12 2 2 68
13 3 2 32
14 4 2 49
15 0 3 3
16 1 3 7
17 2 3 37
18 3 3 70
19 4 3 83
20 0 4 52
21 1 4 89
22 2 4 73
23 3 4 64
24 4 4 98
endpoint1 endpoint2
11 16
8 13
10 11
22 23
5 6
7 12
15 20
8 9
10 15
15 16
1 6
16 21
18 19
1 2
16 17
18 23
4 9
6 7
12 13
20 21
12 17
3 4
9 14
6 11
14 19
19 24
0 5
2 3
17 22
11 12
23 24
0 1
2 7
17 18
5 10
13 14
21 22
3 8
13 18
7 8
