nnodes nedges type
25 40 graph
nodename posx posy weight
0 0 0 83
1 1 0 43
2 2 0 2
3 3 0 74
4 4 0 74
5 0 1 100
6 1 1 46
7 2 1 9
8 3 1 95
9 4 1 30
10 0 2 63
11 1 2 22
12 2 2 27
13 3 2 90
14 4 2 89
15 0 3 32
16 1 3 99
17 2 3 56
18 3 3 3
19 4 3 69
20 0 4 60
21 1 4 76
22 2 4 64
23 3 4 63
24 4 4 66
endpoint1 endpoint2
11 16
8 13
10 11
22 23
5 6
7 12
15 20
8 9
10 15
15 16
1 6
16 21
18 19
1 2
16 17
18 23
4 9
6 7
12 13
20 21
12 17
3 4
9 14
6 11
14 19
19 24
0 5
2 3
17 22
11 12
23 24
0 1
2 7
17 18
5 10
13 14
21 22
3 8
13 18
7 8
