nnodes nedges type
25 40 graph
nodename posx posy weight
0 0 0 308
1 1 0 139
2 2 0 112
3 3 0 235
4 4 0 492
5 0 1 453
6 1 1 205
7 2 1 46
8 3 1 129
9 4 1 282
10 0 2 189
11 1 2 238
12 2 2 34
13 3 2 83
14 4 2 221
15 0 3 433
16 1 3 439
17 2 3 181
18 3 3 313
19 4 3 336
20 0 4 255
21 1 4 331
22 2 4 281
23 3 4 50
24 4 4 361
endpoint1 endpoint2
11 16
8 13
10 11
22 23
5 6
7 12
15 20
8 9
10 15
15 16
1 6
16 21
18 19
1 2
16 17
18 23
4 9
6 7
12 13
20 21
12 17
3 4
9 14
6 11
14 19
19 24
0 5
2 3
17 22
11 12
23 24
0 1
2 7
17 18
5 10
13 14
21 22
3 8
13 18
7 8
