nnodes nedges type
25 40 graph
nodename posx posy weight
0 0 0 32
1 1 0 9
2 2 0 41
3 3 0 18
4 4 0 26
5 0 1 51
6 1 1 97
7 2 1 26
8 3 1 14
9 4 1 35
10 0 2 31
11 1 2 32
12 2 2 96
13 3 2 73
14 4 2 63
15 0 3 51
16 1 3 90
17 2 3 10
18 3 3 93
19 4 3 56
20 0 4 73
21 1 4 14
22 2 4 68
23 3 4 44
24 4 4 54
endpoint1 endpoint2
11 16
8 13
10 11
22 23
5 6
7 12
15 20
8 9
10 15
15 16
1 6
16 21
18 19
1 2
16 17
18 23
4 9
6 7
12 13
20 21
12 17
3 4
9 14
6 11
14 19
19 24
0 5
2 3
17 22
11 12
23 24
0 1
2 7
17 18
5 10
13 14
21 22
3 8
13 18
7 8
