nnodes nedges type
225 420 graph
nodename posx posy weight
0 0 0 2989
1 1 0 2764
2 2 0 1060
3 3 0 1307
4 4 0 3689
5 5 0 3833
6 6 0 1067
7 7 0 1303
8 8 0 1286
9 9 0 1567
10 10 0 3037
11 11 0 1547
12 12 0 1706
13 13 0 4816
14 14 0 2410
15 0 1 4557
16 1 1 4434
17 2 1 2626
18 3 1 1359
19 4 1 1759
20 5 1 3506
21 6 1 2446
22 7 1 1402
23 8 1 4156
24 9 1 2334
25 10 1 4512
26 11 1 2251
27 12 1 3445
28 13 1 2155
29 14 1 4332
30 0 2 4924
31 1 2 3331
32 2 2 4745
33 3 2 4476
34 4 2 1298
35 5 2 4637
36 6 2 1488
37 7 2 1307
38 8 2 4570
39 9 2 2639
40 10 2 1634
41 11 2 4781
42 12 2 3606
43 13 2 3379
44 14 2 2220
45 0 3 3220
46 1 3 3444
47 2 3 1188
48 3 3 1169
49 4 3 1615
50 5 3 1851
51 6 3 2912
52 7 3 3660
53 8 3 2900
54 9 3 3268
55 10 3 4099
56 11 3 2883
57 12 3 3046
58 13 3 4443
59 14 3 1568
60 0 4 3141
61 1 4 1469
62 2 4 4101
63 3 4 4634
64 4 4 2512
65 5 4 1116
66 6 4 3633
67 7 4 3684
68 8 4 1206
69 9 4 2229
70 10 4 2798
71 11 4 4934
72 12 4 2936
73 13 4 2402
74 14 4 3692
75 0 5 4512
76 1 5 1850
77 2 5 1638
78 3 5 3545
79 4 5 1190
80 5 5 1100
81 6 5 4772
82 7 5 3907
83 8 5 2380
84 9 5 2182
85 10 5 2295
86 11 5 2389
87 12 5 3525
88 13 5 2600
89 14 5 1628
90 0 6 3849
91 1 6 1936
92 2 6 2989
93 3 6 2748
94 4 6 4650
95 5 6 4391
96 6 6 3779
97 7 6 3355
98 8 6 2022
99 9 6 4608
100 10 6 4879
101 11 6 3170
102 12 6 3562
103 13 6 2123
104 14 6 2984
105 0 7 2577
106 1 7 4769
107 2 7 4537
108 3 7 4355
109 4 7 2081
110 5 7 3136
111 6 7 3328
112 7 7 1566
113 8 7 2731
114 9 7 4032
115 10 7 2625
116 11 7 1936
117 12 7 1037
118 13 7 4712
119 14 7 1555
120 0 8 4830
121 1 8 3362
122 2 8 3336
123 3 8 1810
124 4 8 1875
125 5 8 3586
126 6 8 2290
127 7 8 4203
128 8 8 4195
129 9 8 4675
130 10 8 4507
131 11 8 4379
132 12 8 2945
133 13 8 4557
134 14 8 2791
135 0 9 1629
136 1 9 2916
137 2 9 1116
138 3 9 2800
139 4 9 1281
140 5 9 4137
141 6 9 2885
142 7 9 1393
143 8 9 3914
144 9 9 3808
145 10 9 2683
146 11 9 1539
147 12 9 2535
148 13 9 3359
149 14 9 1619
150 0 10 4338
151 1 10 4558
152 2 10 3801
153 3 10 1144
154 4 10 2514
155 5 10 4811
156 6 10 2817
157 7 10 2085
158 8 10 2409
159 9 10 3031
160 10 10 4896
161 11 10 4614
162 12 10 3489
163 13 10 4363
164 14 10 4002
165 0 11 2885
166 1 11 1883
167 2 11 3725
168 3 11 4892
169 4 11 3655
170 5 11 3616
171 6 11 3198
172 7 11 4630
173 8 11 1136
174 9 11 3260
175 10 11 3141
176 11 11 4075
177 12 11 1467
178 13 11 1878
179 14 11 4418
180 0 12 1002
181 1 12 3517
182 2 12 3111
183 3 12 3432
184 4 12 2078
185 5 12 4763
186 6 12 4593
187 7 12 3016
188 8 12 2149
189 9 12 4086
190 10 12 1257
191 11 12 2838
192 12 12 3337
193 13 12 4329
194 14 12 1285
195 0 13 2703
196 1 13 2903
197 2 13 4857
198 3 13 1729
199 4 13 3883
200 5 13 3923
201 6 13 1938
202 7 13 4734
203 8 13 4439
204 9 13 2045
205 10 13 1300
206 11 13 1153
207 12 13 2466
208 13 13 2626
209 14 13 3373
210 0 14 4545
211 1 14 4895
212 2 14 1754
213 3 14 1206
214 4 14 4256
215 5 14 3015
216 6 14 3439
217 7 14 2976
218 8 14 2907
219 9 14 3911
220 10 14 1177
221 11 14 4352
222 12 14 3920
223 13 14 2067
224 14 14 1419
endpoint1 endpoint2
172 187
204 219
125 126
156 157
198 213
29 44
61 76
18 19
222 223
113 114
144 145
15 30
207 222
122 137
201 216
4 5
105 106
205 220
142 143
7 22
199 214
55 56
107 108
130 145
33 34
52 67
116 131
109 110
181 182
161 176
42 57
74 89
58 59
198 199
192 207
20 21
99 114
103 104
145 160
177 192
201 202
11 26
203 218
50 51
190 191
139 140
96 111
205 206
47 62
138 153
5 20
50 65
190 205
42 43
182 183
40 55
72 87
36 37
214 215
174 175
39 54
162 177
153 154
163 178
167 168
28 43
152 167
157 158
31 46
63 78
151 166
14 29
145 146
67 82
89 104
121 136
3 4
71 72
143 144
146 161
195 196
138 139
140 155
5 6
6 21
93 108
125 140
119 134
129 130
37 52
169 184
68 69
173 188
19 20
87 88
211 212
97 98
192 193
154 155
16 31
208 223
21 22
106 121
185 186
189 190
123 138
110 111
146 147
127 128
46 61
98 113
96 97
177 178
6 7
122 123
4 19
128 143
52 53
84 85
186 201
35 36
37 38
38 53
169 170
43 58
114 115
183 184
180 195
173 174
111 126
19 34
30 45
82 97
22 23
106 107
104 119
8 9
103 118
65 66
48 63
12 13
1 16
181 196
219 220
60 75
124 139
95 110
118 133
78 93
38 39
90 91
160 175
36 51
175 190
24 25
216 217
133 148
168 183
200 215
28 29
220 221
70 85
30 31
82 83
167 182
16 17
208 209
148 163
79 94
51 66
101 116
9 24
159 174
191 206
13 28
2 3
71 86
51 52
142 157
128 129
53 54
33 48
131 146
135 136
133 134
134 149
70 71
68 83
116 117
26 41
56 57
99 100
60 61
101 102
17 32
49 64
196 197
9 10
75 90
62 63
151 152
11 12
203 204
48 49
13 14
69 84
114 129
62 77
54 55
86 87
100 101
40 41
72 73
34 35
223 224
174 189
160 161
112 127
76 77
180 181
212 213
25 26
27 28
163 164
24 39
92 107
166 181
171 186
23 38
17 18
15 16
67 68
158 173
207 208
150 151
12 27
136 151
69 70
193 194
176 191
129 144
41 56
188 203
182 197
45 60
66 67
206 207
83 84
194 209
25 40
166 167
218 219
80 95
85 86
97 112
57 58
21 36
153 168
185 200
61 62
157 172
189 204
158 159
210 211
55 70
110 125
49 50
0 15
143 158
58 73
120 121
179 194
137 152
47 48
124 125
132 133
81 96
113 128
102 117
41 42
107 122
141 156
126 127
130 131
135 150
43 44
112 113
161 162
45 46
170 185
202 217
83 98
94 109
118 119
22 37
27 42
59 74
31 32
63 64
186 187
196 211
108 109
148 149
65 80
154 169
184 185
53 68
91 92
56 71
120 135
93 94
188 189
127 142
137 138
139 154
178 179
81 82
176 177
102 103
32 47
100 115
141 142
88 89
197 212
178 193
170 171
202 203
44 59
76 91
92 93
168 169
200 201
94 95
162 163
80 81
20 35
172 173
204 205
73 88
155 156
156 171
77 92
115 116
2 17
0 1
117 118
3 18
195 210
7 8
131 132
199 200
197 198
64 79
90 105
165 180
111 112
73 74
23 24
75 76
147 148
215 216
144 159
77 78
213 214
10 25
149 164
187 188
126 141
86 101
91 106
46 47
98 99
183 198
95 96
34 49
32 33
132 147
35 50
117 132
39 40
175 176
88 103
165 166
209 224
87 102
171 172
147 162
79 80
18 33
10 11
8 23
108 123
150 165
136 137
155 170
187 202
159 160
191 192
1 2
84 99
140 141
193 208
217 218
115 130
105 120
184 199
221 222
54 69
109 124
78 79
66 81
206 221
64 65
26 27
164 179
121 122
152 153
85 100
57 72
123 124
