nnodes nedges type
900 1740 graph
nodename posx posy weight
0 0 0 77
1 1 0 82
2 2 0 72
3 3 0 48
4 4 0 32
5 5 0 88
6 6 0 58
7 7 0 79
8 8 0 30
9 9 0 56
10 10 0 5
11 11 0 66
12 12 0 63
13 13 0 7
14 14 0 72
15 15 0 32
16 16 0 27
17 17 0 94
18 18 0 64
19 19 0 48
20 20 0 17
21 21 0 50
22 22 0 60
23 23 0 54
24 24 0 33
25 25 0 83
26 26 0 42
27 27 0 95
28 28 0 40
29 29 0 50
30 0 1 59
31 1 1 55
32 2 1 6
33 3 1 91
34 4 1 7
35 5 1 71
36 6 1 59
37 7 1 21
38 8 1 82
39 9 1 32
40 10 1 17
41 11 1 54
42 12 1 92
43 13 1 65
44 14 1 87
45 15 1 40
46 16 1 22
47 17 1 97
48 18 1 86
49 19 1 27
50 20 1 37
51 21 1 6
52 22 1 12
53 23 1 36
54 24 1 86
55 25 1 92
56 26 1 22
57 27 1 66
58 28 1 7
59 29 1 11
60 0 2 47
61 1 2 51
62 2 2 19
63 3 2 20
64 4 2 26
65 5 2 95
66 6 2 91
67 7 2 5
68 8 2 88
69 9 2 34
70 10 2 5
71 11 2 37
72 12 2 18
73 13 2 80
74 14 2 25
75 15 2 10
76 16 2 28
77 17 2 61
78 18 2 72
79 19 2 66
80 20 2 9
81 21 2 6
82 22 2 50
83 23 2 22
84 24 2 100
85 25 2 1
86 26 2 32
87 27 2 27
88 28 2 64
89 29 2 4
90 0 3 96
91 1 3 83
92 2 3 5
93 3 3 78
94 4 3 25
95 5 3 56
96 6 3 96
97 7 3 26
98 8 3 73
99 9 3 33
100 10 3 30
101 11 3 33
102 12 3 41
103 13 3 15
104 14 3 91
105 15 3 36
106 16 3 63
107 17 3 80
108 18 3 68
109 19 3 17
110 20 3 86
111 21 3 42
112 22 3 79
113 23 3 12
114 24 3 70
115 25 3 25
116 26 3 49
117 27 3 97
118 28 3 15
119 29 3 4
120 0 4 17
121 1 4 27
122 2 4 3
123 3 4 5
124 4 4 77
125 5 4 40
126 6 4 33
127 7 4 86
128 8 4 69
129 9 4 62
130 10 4 100
131 11 4 98
132 12 4 85
133 13 4 4
134 14 4 68
135 15 4 23
136 16 4 42
137 17 4 91
138 18 4 68
139 19 4 95
140 20 4 91
141 21 4 28
142 22 4 60
143 23 4 8
144 24 4 29
145 25 4 14
146 26 4 26
147 27 4 65
148 28 4 97
149 29 4 23
150 0 5 72
151 1 5 25
152 2 5 62
153 3 5 66
154 4 5 75
155 5 5 98
156 6 5 2
157 7 5 52
158 8 5 64
159 9 5 82
160 10 5 9
161 11 5 87
162 12 5 74
163 13 5 87
164 14 5 22
165 15 5 44
166 16 5 33
167 17 5 35
168 18 5 75
169 19 5 48
170 20 5 81
171 21 5 37
172 22 5 8
173 23 5 81
174 24 5 64
175 25 5 89
176 26 5 17
177 27 5 7
178 28 5 85
179 29 5 57
180 0 6 9
181 1 6 61
182 2 6 29
183 3 6 7
184 4 6 98
185 5 6 8
186 6 6 56
187 7 6 19
188 8 6 84
189 9 6 83
190 10 6 84
191 11 6 37
192 12 6 13
193 13 6 77
194 14 6 5
195 15 6 60
196 16 6 42
197 17 6 36
198 18 6 60
199 19 6 7
200 20 6 36
201 21 6 82
202 22 6 70
203 23 6 77
204 24 6 26
205 25 6 44
206 26 6 39
207 27 6 26
208 28 6 23
209 29 6 26
210 0 7 34
211 1 7 53
212 2 7 67
213 3 7 70
214 4 7 91
215 5 7 46
216 6 7 48
217 7 7 44
218 8 7 20
219 9 7 82
220 10 7 7
221 11 7 77
222 12 7 56
223 13 7 53
224 14 7 95
225 15 7 10
226 16 7 34
227 17 7 46
228 18 7 84
229 19 7 82
230 20 7 61
231 21 7 5
232 22 7 1
233 23 7 28
234 24 7 92
235 25 7 79
236 26 7 67
237 27 7 76
238 28 7 92
239 29 7 66
240 0 8 39
241 1 8 31
242 2 8 4
243 3 8 11
244 4 8 79
245 5 8 5
246 6 8 63
247 7 8 36
248 8 8 26
249 9 8 11
250 10 8 61
251 11 8 89
252 12 8 3
253 13 8 47
254 14 8 51
255 15 8 22
256 16 8 18
257 17 8 75
258 18 8 40
259 19 8 19
260 20 8 36
261 21 8 90
262 22 8 55
263 23 8 78
264 24 8 37
265 25 8 23
266 26 8 14
267 27 8 84
268 28 8 5
269 29 8 26
270 0 9 40
271 1 9 83
272 2 9 72
273 3 9 90
274 4 9 47
275 5 9 71
276 6 9 43
277 7 9 67
278 8 9 54
279 9 9 69
280 10 9 13
281 11 9 10
282 12 9 93
283 13 9 68
284 14 9 78
285 15 9 17
286 16 9 67
287 17 9 48
288 18 9 88
289 19 9 39
290 20 9 27
291 21 9 96
292 22 9 44
293 23 9 90
294 24 9 95
295 25 9 43
296 26 9 62
297 27 9 95
298 28 9 36
299 29 9 47
300 0 10 61
301 1 10 34
302 2 10 81
303 3 10 32
304 4 10 15
305 5 10 17
306 6 10 68
307 7 10 55
308 8 10 96
309 9 10 96
310 10 10 63
311 11 10 79
312 12 10 59
313 13 10 89
314 14 10 80
315 15 10 77
316 16 10 89
317 17 10 41
318 18 10 94
319 19 10 41
320 20 10 29
321 21 10 17
322 22 10 99
323 23 10 43
324 24 10 12
325 25 10 52
326 26 10 74
327 27 10 49
328 28 10 40
329 29 10 93
330 0 11 31
331 1 11 34
332 2 11 96
333 3 11 83
334 4 11 28
335 5 11 57
336 6 11 18
337 7 11 68
338 8 11 49
339 9 11 21
340 10 11 12
341 11 11 57
342 12 11 88
343 13 11 55
344 14 11 30
345 15 11 100
346 16 11 30
347 17 11 26
348 18 11 60
349 19 11 92
350 20 11 67
351 21 11 39
352 22 11 36
353 23 11 9
354 24 11 71
355 25 11 15
356 26 11 95
357 27 11 35
358 28 11 13
359 29 11 51
360 0 12 4
361 1 12 27
362 2 12 72
363 3 12 93
364 4 12 87
365 5 12 90
366 6 12 37
367 7 12 72
368 8 12 49
369 9 12 99
370 10 12 81
371 11 12 46
372 12 12 54
373 13 12 62
374 14 12 3
375 15 12 58
376 16 12 54
377 17 12 30
378 18 12 20
379 19 12 89
380 20 12 57
381 21 12 68
382 22 12 45
383 23 12 36
384 24 12 58
385 25 12 95
386 26 12 7
387 27 12 58
388 28 12 88
389 29 12 1
390 0 13 6
391 1 13 12
392 2 13 1
393 3 13 90
394 4 13 33
395 5 13 6
396 6 13 63
397 7 13 54
398 8 13 44
399 9 13 85
400 10 13 92
401 11 13 7
402 12 13 92
403 13 13 72
404 14 13 39
405 15 13 55
406 16 13 8
407 17 13 80
408 18 13 50
409 19 13 16
410 20 13 67
411 21 13 19
412 22 13 88
413 23 13 54
414 24 13 35
415 25 13 77
416 26 13 65
417 27 13 100
418 28 13 8
419 29 13 84
420 0 14 23
421 1 14 53
422 2 14 56
423 3 14 37
424 4 14 78
425 5 14 76
426 6 14 96
427 7 14 5
428 8 14 58
429 9 14 24
430 10 14 46
431 11 14 86
432 12 14 22
433 13 14 46
434 14 14 33
435 15 14 100
436 16 14 72
437 17 14 36
438 18 14 32
439 19 14 36
440 20 14 59
441 21 14 52
442 22 14 44
443 23 14 100
444 24 14 65
445 25 14 89
446 26 14 61
447 27 14 45
448 28 14 94
449 29 14 98
450 0 15 2
451 1 15 73
452 2 15 28
453 3 15 23
454 4 15 98
455 5 15 32
456 6 15 61
457 7 15 62
458 8 15 58
459 9 15 33
460 10 15 87
461 11 15 96
462 12 15 81
463 13 15 1
464 14 15 95
465 15 15 23
466 16 15 50
467 17 15 3
468 18 15 97
469 19 15 89
470 20 15 51
471 21 15 96
472 22 15 47
473 23 15 60
474 24 15 45
475 25 15 25
476 26 15 94
477 27 15 10
478 28 15 55
479 29 15 5
480 0 16 45
481 1 16 13
482 2 16 90
483 3 16 73
484 4 16 72
485 5 16 15
486 6 16 94
487 7 16 76
488 8 16 18
489 9 16 64
490 10 16 93
491 11 16 34
492 12 16 12
493 13 16 25
494 14 16 13
495 15 16 17
496 16 16 43
497 17 16 16
498 18 16 85
499 19 16 93
500 20 16 89
501 21 16 51
502 22 16 44
503 23 16 94
504 24 16 85
505 25 16 84
506 26 16 16
507 27 16 89
508 28 16 15
509 29 16 18
510 0 17 43
511 1 17 82
512 2 17 31
513 3 17 66
514 4 17 43
515 5 17 78
516 6 17 51
517 7 17 52
518 8 17 31
519 9 17 72
520 10 17 79
521 11 17 21
522 12 17 8
523 13 17 5
524 14 17 44
525 15 17 24
526 16 17 13
527 17 17 56
528 18 17 84
529 19 17 73
530 20 17 10
531 21 17 42
532 22 17 85
533 23 17 93
534 24 17 50
535 25 17 16
536 26 17 20
537 27 17 94
538 28 17 98
539 29 17 48
540 0 18 3
541 1 18 82
542 2 18 53
543 3 18 62
544 4 18 32
545 5 18 24
546 6 18 62
547 7 18 44
548 8 18 41
549 9 18 46
550 10 18 97
551 11 18 34
552 12 18 10
553 13 18 95
554 14 18 61
555 15 18 33
556 16 18 5
557 17 18 74
558 18 18 86
559 19 18 23
560 20 18 87
561 21 18 73
562 22 18 45
563 23 18 93
564 24 18 100
565 25 18 17
566 26 18 12
567 27 18 38
568 28 18 100
569 29 18 57
570 0 19 91
571 1 19 69
572 2 19 84
573 3 19 12
574 4 19 93
575 5 19 75
576 6 19 89
577 7 19 15
578 8 19 11
579 9 19 65
580 10 19 12
581 11 19 29
582 12 19 29
583 13 19 79
584 14 19 15
585 15 19 69
586 16 19 63
587 17 19 61
588 18 19 77
589 19 19 84
590 20 19 63
591 21 19 100
592 22 19 42
593 23 19 13
594 24 19 100
595 25 19 19
596 26 19 75
597 27 19 9
598 28 19 66
599 29 19 66
600 0 20 73
601 1 20 51
602 2 20 96
603 3 20 4
604 4 20 51
605 5 20 30
606 6 20 13
607 7 20 40
608 8 20 78
609 9 20 42
610 10 20 52
611 11 20 98
612 12 20 89
613 13 20 81
614 14 20 18
615 15 20 17
616 16 20 9
617 17 20 99
618 18 20 60
619 19 20 63
620 20 20 70
621 21 20 49
622 22 20 5
623 23 20 94
624 24 20 76
625 25 20 56
626 26 20 48
627 27 20 20
628 28 20 82
629 29 20 42
630 0 21 3
631 1 21 14
632 2 21 69
633 3 21 19
634 4 21 47
635 5 21 98
636 6 21 19
637 7 21 17
638 8 21 9
639 9 21 23
640 10 21 27
641 11 21 10
642 12 21 80
643 13 21 83
644 14 21 28
645 15 21 43
646 16 21 38
647 17 21 28
648 18 21 65
649 19 21 25
650 20 21 46
651 21 21 36
652 22 21 92
653 23 21 75
654 24 21 75
655 25 21 59
656 26 21 4
657 27 21 75
658 28 21 53
659 29 21 51
660 0 22 25
661 1 22 54
662 2 22 83
663 3 22 92
664 4 22 84
665 5 22 72
666 6 22 55
667 7 22 4
668 8 22 48
669 9 22 11
670 10 22 29
671 11 22 100
672 12 22 72
673 13 22 17
674 14 22 13
675 15 22 84
676 16 22 67
677 17 22 74
678 18 22 24
679 19 22 63
680 20 22 25
681 21 22 62
682 22 22 55
683 23 22 86
684 24 22 32
685 25 22 15
686 26 22 36
687 27 22 18
688 28 22 10
689 29 22 81
690 0 23 3
691 1 23 64
692 2 23 39
693 3 23 67
694 4 23 64
695 5 23 41
696 6 23 9
697 7 23 6
698 8 23 24
699 9 23 15
700 10 23 90
701 11 23 45
702 12 23 62
703 13 23 11
704 14 23 37
705 15 23 32
706 16 23 88
707 17 23 41
708 18 23 10
709 19 23 28
710 20 23 68
711 21 23 69
712 22 23 80
713 23 23 52
714 24 23 19
715 25 23 83
716 26 23 21
717 27 23 53
718 28 23 52
719 29 23 46
720 0 24 24
721 1 24 76
722 2 24 10
723 3 24 5
724 4 24 66
725 5 24 14
726 6 24 38
727 7 24 29
728 8 24 44
729 9 24 8
730 10 24 61
731 11 24 83
732 12 24 46
733 13 24 29
734 14 24 70
735 15 24 54
736 16 24 96
737 17 24 26
738 18 24 77
739 19 24 93
740 20 24 80
741 21 24 58
742 22 24 51
743 23 24 100
744 24 24 8
745 25 24 52
746 26 24 65
747 27 24 85
748 28 24 51
749 29 24 55
750 0 25 77
751 1 25 20
752 2 25 68
753 3 25 52
754 4 25 9
755 5 25 69
756 6 25 45
757 7 25 52
758 8 25 100
759 9 25 46
760 10 25 95
761 11 25 31
762 12 25 8
763 13 25 94
764 14 25 92
765 15 25 57
766 16 25 24
767 17 25 74
768 18 25 94
769 19 25 2
770 20 25 24
771 21 25 92
772 22 25 4
773 23 25 100
774 24 25 3
775 25 25 65
776 26 25 96
777 27 25 55
778 28 25 10
779 29 25 65
780 0 26 12
781 1 26 95
782 2 26 20
783 3 26 23
784 4 26 37
785 5 26 68
786 6 26 66
787 7 26 69
788 8 26 30
789 9 26 5
790 10 26 99
791 11 26 6
792 12 26 81
793 13 26 2
794 14 26 74
795 15 26 81
796 16 26 8
797 17 26 48
798 18 26 78
799 19 26 72
800 20 26 95
801 21 26 15
802 22 26 98
803 23 26 100
804 24 26 80
805 25 26 72
806 26 26 67
807 27 26 51
808 28 26 9
809 29 26 44
810 0 27 14
811 1 27 36
812 2 27 35
813 3 27 51
814 4 27 90
815 5 27 49
816 6 27 70
817 7 27 23
818 8 27 80
819 9 27 100
820 10 27 66
821 11 27 22
822 12 27 55
823 13 27 16
824 14 27 87
825 15 27 4
826 16 27 85
827 17 27 70
828 18 27 48
829 19 27 90
830 20 27 5
831 21 27 47
832 22 27 29
833 23 27 52
834 24 27 66
835 25 27 21
836 26 27 26
837 27 27 31
838 28 27 97
839 29 27 65
840 0 28 73
841 1 28 12
842 2 28 34
843 3 28 91
844 4 28 29
845 5 28 26
846 6 28 75
847 7 28 63
848 8 28 78
849 9 28 31
850 10 28 79
851 11 28 51
852 12 28 12
853 13 28 34
854 14 28 70
855 15 28 95
856 16 28 72
857 17 28 71
858 18 28 5
859 19 28 1
860 20 28 19
861 21 28 74
862 22 28 19
863 23 28 69
864 24 28 38
865 25 28 81
866 26 28 92
867 27 28 95
868 28 28 27
869 29 28 48
870 0 29 49
871 1 29 50
872 2 29 34
873 3 29 28
874 4 29 55
875 5 29 96
876 6 29 55
877 7 29 1
878 8 29 62
879 9 29 18
880 10 29 7
881 11 29 19
882 12 29 64
883 13 29 53
884 14 29 12
885 15 29 54
886 16 29 61
887 17 29 67
888 18 29 48
889 19 29 11
890 20 29 31
891 21 29 83
892 22 29 9
893 23 29 68
894 24 29 81
895 25 29 36
896 26 29 31
897 27 29 74
898 28 29 19
899 29 29 81
endpoint1 endpoint2
566 567
466 496
530 531
802 803
735 736
425 455
336 337
813 843
468 469
692 693
793 794
458 488
541 542
290 320
770 800
535 565
754 755
882 883
8 38
776 806
619 620
213 243
33 34
529 530
801 802
476 506
317 347
409 439
689 719
797 827
325 326
498 528
609 639
780 781
747 777
519 549
103 104
197 227
750 780
204 234
595 596
527 557
827 828
593 623
426 456
758 788
765 766
507 537
222 252
226 227
354 355
722 723
850 851
181 211
553 583
753 754
691 721
868 898
559 560
214 244
644 645
174 204
302 332
855 885
638 639
384 414
811 812
577 607
634 664
821 822
216 246
143 144
71 72
515 516
57 87
537 567
650 651
886 887
172 202
372 402
447 448
543 544
641 642
198 228
404 405
839 869
138 168
861 862
649 650
462 492
834 864
194 195
690 691
72 102
19 20
97 98
593 594
335 365
154 155
870 871
185 186
764 794
251 252
379 380
253 283
182 212
189 190
110 111
146 147
418 419
606 607
878 879
177 178
248 249
103 133
231 261
252 253
549 550
163 193
169 170
386 416
140 170
512 542
235 236
363 364
1 31
240 241
58 88
256 257
769 799
826 856
173 174
373 374
267 297
263 264
433 463
232 233
50 80
40 70
617 647
65 66
745 775
236 237
788 789
755 785
219 220
623 624
22 52
457 458
724 754
38 39
333 334
216 217
496 526
443 444
121 151
249 279
601 631
220 221
292 293
30 31
430 431
736 766
607 608
208 209
6 36
480 481
307 337
484 514
708 738
805 835
398 428
2 3
510 511
427 428
887 888
585 615
757 758
720 750
259 260
591 592
189 219
266 267
502 503
830 860
620 650
692 722
365 395
257 258
703 733
831 861
56 57
60 61
477 478
828 829
576 606
151 152
48 49
448 449
486 487
380 410
349 379
412 413
893 894
731 761
40 41
594 624
478 479
672 702
53 83
625 626
735 765
646 647
774 775
44 45
812 813
27 28
357 387
86 116
293 294
516 517
611 641
546 576
654 655
782 783
660 690
439 440
333 363
777 807
762 792
877 878
715 745
787 817
88 118
656 686
15 16
783 784
150 151
278 279
382 412
361 391
70 100
454 455
570 571
756 757
420 450
644 674
771 801
66 67
446 447
818 819
538 568
207 237
85 86
853 854
57 58
504 534
48 78
376 406
345 375
217 247
54 84
554 555
330 331
438 439
61 62
740 741
786 816
49 50
817 818
811 841
120 121
679 680
807 808
741 771
124 125
413 414
892 893
41 42
151 181
12 42
201 231
112 113
329 359
384 385
45 46
501 502
139 169
339 369
280 310
391 392
315 345
795 825
104 105
766 796
628 658
117 147
447 477
543 573
838 839
108 109
876 877
135 165
804 834
91 92
229 230
836 837
323 353
718 748
846 847
192 222
320 350
267 268
218 248
346 376
405 406
88 89
342 343
714 715
822 823
92 93
164 165
860 861
210 240
338 368
608 638
383 384
169 199
80 81
390 391
634 635
340 341
820 821
423 453
547 548
202 232
797 798
162 192
85 115
512 513
393 423
853 883
723 753
592 622
220 250
664 694
131 132
519 520
61 91
153 183
618 619
197 198
520 521
737 767
865 895
871 872
69 99
837 867
707 737
585 586
76 106
844 874
23 24
410 440
602 603
589 590
280 281
568 598
369 399
497 527
170 200
721 751
849 879
859 889
94 124
402 432
862 892
98 99
558 559
800 830
289 319
272 273
550 580
736 737
607 637
427 457
687 688
815 816
165 166
46 76
526 556
766 767
532 562
128 158
405 435
705 735
833 863
843 873
412 442
784 814
273 303
411 441
44 74
244 274
812 842
671 672
191 192
319 320
621 651
799 800
884 885
516 546
495 496
611 612
389 419
10 40
778 808
452 453
777 778
226 256
715 716
787 788
576 577
721 722
849 850
79 109
26 27
794 795
525 526
664 665
123 124
605 635
125 155
458 459
668 669
868 869
584 585
414 444
18 19
290 291
734 735
352 382
301 331
672 673
673 703
436 437
588 589
281 282
35 65
803 833
258 288
23 53
107 108
567 568
589 619
273 274
367 397
495 525
11 41
467 497
336 366
408 438
463 464
579 580
177 207
285 315
657 687
503 533
481 511
742 772
491 521
7 37
879 880
451 481
201 202
238 268
590 620
610 640
702 703
852 882
139 140
339 340
271 301
205 206
505 506
315 316
465 495
618 648
214 215
36 37
174 175
302 303
670 671
798 799
511 512
863 864
41 71
497 498
179 209
356 386
836 866
431 432
74 104
842 872
388 389
489 490
142 172
270 300
382 383
642 643
449 479
525 555
657 658
92 122
860 890
3 4
847 848
25 55
138 139
374 375
571 601
631 661
748 778
820 850
415 416
237 267
129 130
473 474
349 350
393 394
322 352
723 724
192 193
320 321
465 466
655 685
358 359
688 689
816 817
533 534
408 409
252 282
508 538
221 251
42 72
810 840
350 351
639 640
417 447
400 401
608 609
821 851
383 413
881 882
460 461
596 597
551 581
667 668
37 38
772 773
739 769
0 30
183 184
311 312
627 628
205 235
559 589
401 431
697 727
22 23
105 135
233 263
276 277
243 273
499 529
334 364
354 384
468 498
471 472
843 844
666 696
688 718
120 150
248 278
816 846
89 119
540 541
224 254
173 203
528 529
800 801
409 410
452 482
780 810
51 52
819 820
73 103
128 129
401 402
533 563
880 881
245 246
668 698
208 238
135 136
49 79
157 187
817 847
187 217
690 720
364 394
436 466
191 221
319 349
671 701
799 829
396 397
517 547
101 102
110 140
574 575
64 94
467 468
11 12
90 120
399 429
277 278
572 602
374 404
746 776
86 87
381 382
82 112
542 572
546 547
352 353
848 849
479 509
134 135
262 263
762 763
890 891
212 213
537 538
167 197
295 325
675 676
355 385
34 64
514 544
471 501
404 434
520 550
265 295
545 546
250 280
506 536
365 366
437 438
746 747
874 875
69 70
837 838
242 272
360 390
488 518
314 315
455 485
388 418
450 480
306 307
282 312
730 731
858 859
761 762
624 654
696 726
752 782
571 572
824 854
113 143
241 271
298 299
284 285
251 281
274 304
439 469
738 739
866 867
678 708
806 836
511 541
863 893
299 329
612 642
229 259
726 756
745 746
686 716
814 844
788 818
555 556
149 179
277 307
728 758
825 855
630 631
283 313
254 284
626 656
116 146
63 64
710 740
415 445
326 327
698 699
148 149
371 401
601 602
292 322
772 802
133 163
261 291
324 325
605 606
206 236
578 608
318 319
706 707
584 614
609 610
614 615
653 654
781 782
697 698
444 474
763 764
891 892
765 795
694 724
202 203
310 311
682 683
701 702
635 665
712 713
158 188
286 316
840 841
622 623
658 659
162 163
96 126
45 75
639 669
506 507
308 309
716 717
760 761
291 292
421 451
285 286
681 682
130 160
498 499
747 748
875 876
513 543
0 1
570 600
111 141
239 269
117 118
685 686
885 886
211 241
80 110
152 182
540 570
7 8
29 59
490 491
264 265
446 476
744 745
818 848
552 582
225 255
353 383
577 578
731 732
534 564
195 225
73 74
727 728
474 475
550 551
77 78
728 729
368 398
440 470
187 188
209 239
337 367
502 532
347 377
46 47
466 467
288 318
255 256
224 225
422 452
518 548
51 81
819 849
228 258
175 176
303 304
14 44
254 255
770 771
631 632
171 172
653 683
193 223
321 351
378 408
781 811
493 494
331 361
403 433
272 302
771 772
701 731
10 11
246 247
778 779
648 649
370 400
159 160
287 288
109 139
1 2
769 770
442 443
372 373
652 653
217 218
345 346
568 569
355 356
221 222
572 573
387 417
265 266
434 435
663 664
64 65
337 338
230 231
397 398
152 153
633 634
124 154
93 123
630 660
426 427
156 157
356 357
637 638
379 409
456 457
552 553
222 223
494 495
161 191
144 145
332 333
556 557
487 517
795 796
101 131
869 899
598 628
805 806
617 618
727 757
55 56
755 756
883 884
77 107
385 415
521 551
687 717
815 845
621 622
693 694
284 314
600 630
323 324
527 528
145 175
126 156
582 612
198 199
20 21
711 741
164 194
367 368
739 740
78 108
98 128
190 191
462 463
562 563
834 835
340 370
719 749
597 598
825 826
505 535
729 759
566 596
857 887
74 75
182 183
842 843
573 574
530 560
567 597
351 352
561 562
555 585
153 154
632 633
324 354
157 158
636 637
663 693
386 387
503 504
397 427
145 146
713 743
841 871
557 558
83 113
651 681
851 881
24 54
792 822
335 336
707 708
517 518
59 89
539 569
392 393
616 617
375 405
492 522
236 266
308 338
629 659
63 93
620 621
647 677
487 488
859 860
444 445
580 581
67 97
835 865
704 734
832 862
211 212
143 173
21 22
377 378
600 601
700 730
604 605
676 677
475 505
722 752
850 880
416 446
127 128
681 711
96 97
369 370
6 7
84 85
428 429
564 565
39 69
411 412
677 707
260 261
227 257
483 513
361 362
674 704
398 399
626 627
499 500
597 627
137 167
431 461
459 489
400 430
455 456
573 603
665 695
702 732
759 789
104 134
232 262
500 501
524 525
483 484
581 611
194 224
588 618
331 332
403 404
791 792
154 184
469 470
24 25
792 793
28 29
484 485
603 633
606 636
146 176
183 213
311 341
594 595
544 574
33 63
16 17
288 289
801 831
255 285
171 201
423 424
599 629
640 670
21 51
565 566
587 617
659 689
156 186
528 558
451 452
17 47
785 815
133 134
261 262
155 185
556 586
756 786
358 388
159 189
70 71
287 317
628 629
115 145
583 613
36 66
5 35
522 552
196 197
643 673
521 522
738 768
62 63
712 742
840 870
343 344
828 858
737 738
865 866
591 621
538 539
316 346
234 264
490 520
54 55
612 613
30 60
34 35
750 751
786 787
864 894
223 224
250 251
378 379
180 181
25 26
163 164
547 577
2 32
791 821
242 243
370 371
264 294
641 671
17 18
289 290
469 499
785 786
523 553
848 878
207 208
234 235
362 363
680 710
808 838
97 127
705 706
833 834
268 269
235 265
775 805
453 483
662 692
790 820
713 714
841 842
718 719
460 490
596 626
83 84
651 652
851 852
15 45
218 219
346 347
678 679
783 813
717 718
806 807
249 250
112 142
184 214
240 270
312 342
81 111
246 276
726 727
253 254
548 549
478 508
210 211
338 339
686 687
814 815
437 467
241 242
166 196
294 324
351 381
646 676
774 804
809 839
100 130
580 610
47 48
549 579
470 500
586 616
132 133
233 234
654 684
782 812
343 373
126 127
894 895
276 306
648 678
43 44
759 760
65 95
673 674
122 152
237 238
309 310
472 502
604 634
313 343
793 823
118 119
114 144
574 604
428 458
564 594
31 32
749 779
897 898
454 484
186 187
619 649
696 697
824 825
327 357
260 290
743 744
394 424
93 94
700 701
137 138
66 96
178 179
456 486
459 460
81 82
481 482
704 705
832 833
102 103
410 411
141 142
509 539
733 763
438 468
554 584
170 171
445 446
123 153
680 681
200 201
328 329
808 809
94 95
366 367
402 403
862 863
416 417
127 157
204 205
684 685
504 505
854 884
419 449
526 527
396 426
768 798
695 696
823 824
257 287
496 497
314 344
717 747
429 430
531 561
28 58
856 886
711 712
534 535
488 489
306 336
424 454
486 516
838 868
111 112
406 436
515 545
494 524
846 876
866 896
212 242
215 216
587 588
422 423
725 726
472 473
632 662
760 790
362 392
822 852
829 830
414 415
95 96
685 715
464 465
390 420
544 545
888 889
196 226
551 552
293 323
258 259
392 422
563 564
375 376
141 171
640 641
269 299
417 418
698 728
813 814
79 80
647 648
445 475
561 591
669 699
699 729
136 137
318 348
872 873
108 138
180 210
757 787
614 644
140 141
363 393
440 441
316 317
613 614
622 652
590 591
523 524
432 433
602 632
661 662
789 790
121 122
856 857
118 148
598 599
125 126
219 249
424 425
160 190
113 114
864 865
223 253
300 301
724 725
679 709
807 837
283 284
4 5
99 129
867 897
105 106
802 832
215 245
142 143
270 271
148 178
243 244
371 372
9 39
725 755
175 205
303 333
109 110
181 182
203 233
275 305
144 174
271 272
441 471
829 859
581 582
754 784
489 519
58 59
826 827
244 245
199 229
132 162
227 228
615 616
709 739
259 289
50 51
322 323
716 746
26 56
794 824
463 493
341 342
313 314
432 462
625 655
753 783
42 43
810 811
228 229
796 797
763 793
18 48
734 764
55 85
693 723
305 306
43 73
167 168
295 296
380 381
297 298
435 436
661 691
789 819
442 472
395 425
583 584
655 656
195 196
569 599
5 6
27 57
434 464
684 714
575 576
373 403
31 61
364 365
660 661
347 348
645 675
773 803
650 680
68 69
485 486
334 335
830 831
87 88
531 532
847 877
666 667
188 218
348 349
420 421
670 700
798 828
674 675
557 587
122 123
52 53
615 645
743 773
35 36
803 804
165 195
764 765
675 705
418 448
642 672
114 115
652 682
341 371
752 753
768 769
623 653
751 781
779 809
387 388
775 776
541 571
106 107
453 454
8 9
190 220
562 592
247 277
776 777
12 13
748 749
325 355
332 362
279 280
90 91
845 846
56 86
699 700
633 663
761 791
732 733
804 805
91 121
350 380
82 83
482 483
542 543
32 62
767 768
720 721
38 68
95 125
563 593
740 770
485 515
421 422
430 460
87 117
514 515
20 50
683 684
53 54
75 105
147 177
16 46
327 328
399 400
522 523
758 759
510 540
300 330
500 530
513 514
116 117
729 730
857 858
71 101
4 34
99 100
867 868
266 296
733 734
131 161
9 10
482 512
450 451
200 230
328 358
203 204
275 276
560 561
225 226
353 354
282 283
742 743
13 14
441 442
636 666
507 508
381 411
861 891
100 101
72 73
238 239
274 275
565 595
160 161
433 434
656 657
76 77
844 845
359 389
613 643
508 509
291 321
425 426
279 309
491 492
129 159
845 875
796 826
67 68
835 836
662 663
790 791
638 668
168 198
296 326
193 194
230 260
321 322
710 711
492 493
532 533
263 293
676 706
475 476
150 180
278 308
206 207
578 579
84 114
395 396
166 167
294 295
461 462
560 590
377 407
106 136
586 587
470 471
694 695
476 477
158 159
286 287
297 327
134 164
262 292
435 465
665 666
68 98
37 67
330 360
669 670
553 554
130 131
898 899
136 166
524 554
691 692
247 248
13 43
624 625
161 162
896 897
595 625
348 378
536 566
281 311
394 395
827 857
62 92
119 149
52 82
493 523
385 386
575 605
107 137
184 185
312 313
231 232
603 604
188 189
741 742
579 609
407 408
176 177
304 305
730 760
858 888
889 890
477 507
298 328
854 855
168 169
296 297
895 896
309 339
592 593
518 519
172 173
852 853
155 156
342 372
714 744
873 874
14 15
256 286
115 116
461 491
649 679
47 77
19 49
344 374
732 762
643 644
199 200
185 215
406 407
709 710
616 646
744 774
326 356
3 33
706 736
75 76
147 148
535 536
213 214
536 537
176 206
304 334
473 503
310 340
682 712
317 318
658 688
695 725
610 611
823 853
480 510
545 575
32 33
429 459
784 785
767 797
683 713
376 377
39 40
677 678
558 588
407 437
268 298
307 308
457 487
368 369
186 216
301 302
464 494
305 335
413 443
529 559
645 646
773 774
443 473
667 697
360 361
178 208
703 704
831 832
245 275
501 531
102 132
582 583
627 657
391 421
548 578
751 752
357 358
708 709
366 396
78 79
448 478
855 856
474 504
344 345
60 90
635 636
637 667
