nnodes nedges type
20 30 graph
nodename posx posy weight
0 -0.6351744684736157 -2.453696399507006 4
1 -1.4974072477882268 0.0415110347137655 33
2 -0.749308844203505 -1.3669882039597367 16
3 -0.3018453658555735 0.004331191805484139 64
4 1.4330720547741167 -0.06337266497494926 94
5 2.192252220334442 -0.4910072547920028 78
6 0.6937774899230502 -2.476801596795075 25
7 -0.8024851708038784 -0.4558245986912394 29
8 0.23995372803612647 -2.5966737136050297 32
9 1.360245842404524 -2.0730987313268407 42
10 0.9589348620915511 0.9968668092903743 72
11 1.1961439189703973 -1.311071575536807 9
12 2.0957601770733185 -2.896822610225548 21
13 0.010186818510414412 -1.3933261857233958 79
14 3.2386140412115143 -0.10507765692531557 19
15 0.5363902264283894 -0.9088340967625325 21
16 1.7333069456321495 -3.289548665655259 38
17 2.165660077219232 -1.2200616767689867 40
18 0.9193089618773139 -3.4435646420540187 35
19 -0.24410803411740137 0.8358775148714003 91
endpoint1 endpoint2
3 15
6 9
1 3
8 13
8 9
9 15
7 19
9 17
16 18
11 13
4 10
6 18
5 11
6 11
5 17
4 5
10 19
12 18
9 16
2 7
4 15
7 13
4 17
5 14
0 6
8 18
1 7
2 15
0 2
9 12
