nnodes nedges type
30 70 graph
nodename posx posy weight
0 3.358627780142204 1.7449795305478282 73
1 1.80706210065558 2.977844435664077 36
2 2.272889650892238 1.1016592563715562 3
3 1.6956998317145342 1.5685682861467407 91
4 0.9785429437938368 1.4170535916363884 73
5 0.36904592657602525 2.335667503319502 99
6 1.0394548765800555 2.9398189108003066 87
7 1.1440024357497667 3.8817289632729155 93
8 1.5854642988017233 3.677209248823806 76
9 2.7001588469058584 1.9094598685377326 24
10 0.5338195222423036 1.0534382121068946 8
11 -0.4749827867114043 2.0600441002413663 51
12 -0.0413900870842445 2.5681492089541336 26
13 2.7651923366349163 2.8611274436281 8
14 1.0448951214216833 2.061932868312625 78
15 1.939405785701064 1.4910530577028283 69
16 -0.31335520136874473 1.2576255518117214 55
17 2.581893128359992 3.5475556648147144 86
18 2.9911501608434827 0.6718288925206382 39
19 0.1462685329143334 3.377502678570991 96
20 0.6732405079124317 1.792093324159628 1
21 -0.04203358638641457 1.7829631740104102 95
22 1.2850439060974332 0.18958582456670736 38
23 0.11447926570110457 1.024375224409499 27
24 -0.03691023826697835 0.33146391613028814 77
25 2.8211772643542457 2.4101383539124 57
26 1.9180064196052073 2.406474060300274 66
27 0.5509176425740689 3.0754273120192184 97
28 2.0787638222275278 0.6516854331444645 84
29 1.23188769992618 0.5789468657159756 22
endpoint1 endpoint2
9 26
2 29
1 3
22 23
10 11
12 27
2 18
15 20
1 26
5 19
11 23
13 17
14 26
4 12
8 19
5 26
5 23
15 26
1 25
2 9
9 15
20 21
3 10
9 28
25 26
7 19
4 23
11 27
9 17
15 18
22 28
20 27
19 21
1 7
4 28
12 14
3 13
5 11
7 27
1 13
21 23
0 18
4 16
3 29
14 15
18 28
23 24
8 26
4 29
20 23
24 29
4 6
3 22
6 8
0 26
10 16
5 16
1 27
4 15
15 28
10 14
2 25
5 27
4 21
14 21
10 29
7 17
7 8
2 4
21 24
