nnodes nedges type
30 70 graph
nodename posx posy weight
0 1.0525876529415932 -1.6470377804466312 95
1 2.4828594679819886 -1.0737084988980237 7
2 3.2105815060943557 -0.4433766308627409 51
3 0.3362767078889832 -3.538840020749782 42
4 1.7550142065383163 -1.889068553480952 89
5 0.5443971197867066 -1.8139894672937609 65
6 3.2576299794188013 -1.5552948000674651 49
7 1.845597976795617 -0.4821492408965173 97
8 1.3585915854038835 -0.8634961668798732 99
9 -0.8566357561105166 -1.8508173430051265 86
10 0.14116973174060243 -0.63028606315825 99
11 0.17428881462561843 0.4572903881850123 51
12 2.1146410711062855 -1.586309162669997 98
13 0.6784460476269962 -2.4984412791097106 32
14 2.85744632935777 -3.959779012285181 52
15 1.5160136970569604 -1.3782067286770905 83
16 -0.18036339941348783 -2.4527301855263763 75
17 1.8663286376266586 0.13440777130258047 33
18 2.044612261431639 -3.7426636459075513 84
19 3.8619888775752145 -3.3428374635067573 72
20 0.8581170051570627 -0.7168077108318922 100
21 3.6240321087108067 -2.5959730251043873 80
22 2.633525150079441 -2.1770449266453844 38
23 1.3560890216710222 -2.8945119885811863 62
24 0.3904403179083032 -1.6361161789603265 17
25 1.5610226768536295 -2.2026750685802083 11
26 2.7743333529814778 -2.8504720050146837 74
27 1.15758966855066 -0.02609561096523431 93
28 0.6373392442884979 -1.3032553146084531 79
29 2.406091180277802 -0.8045159631679589 38
endpoint1 endpoint2
5 9
2 29
10 11
22 23
20 25
0 20
17 29
19 26
22 26
17 20
16 28
18 26
14 26
1 6
4 22
0 10
8 28
16 24
5 23
27 29
18 23
8 24
7 15
6 29
13 25
14 18
0 24
8 10
13 16
25 26
11 27
6 22
3 16
12 28
27 28
20 27
19 21
8 25
2 6
21 26
4 28
15 25
4 5
3 23
13 15
12 25
13 28
15 29
22 29
8 17
6 26
12 22
0 23
2 7
0 1
12 15
4 29
5 10
15 24
1 12
20 24
8 12
21 22
4 15
5 7
24 25
1 8
10 20
1 7
7 17
