nnodes nedges type
30 70 graph
nodename posx posy weight
0 0.9256716098331368 -0.2289550274730087 71
1 -2.743129225762996 -3.185707076187905 74
2 0.719316618675763 -0.8925556198900348 18
3 0.6361500082820697 -2.038265781393713 16
4 -0.7321787645581286 0.4730033133348283 67
5 -1.8643494770987985 0.04699430359188413 70
6 -1.4252236887739387 0.41581244395294514 12
7 0.0037367699444021693 -0.3263478077523782 51
8 -0.6420078800164484 -2.6577803032718137 75
9 0.07479976555461232 0.4186878750418532 64
10 -2.119349779886665 -1.0501292320202245 91
11 -1.1286661363832462 -0.5324399437987735 15
12 -1.2027352157229991 -0.2238331644986815 49
13 -3.2083749951392755 -0.8429953239445402 31
14 -2.3098129434008943 -0.717187834292169 62
15 -0.12444903808232624 -1.5165995361055298 55
16 -1.59089984645854 -0.8120311057280541 64
17 -0.7407632565614457 -1.74637882325057 15
18 -0.3071357225759691 0.0066916182959856595 19
19 0.09521270960470668 -0.7560565850069356 90
20 -1.3572937516251982 -1.7704538196525164 49
21 -1.2888924390257652 -2.676123802276578 78
22 0.568105512672448 -1.376152880216894 71
23 -0.6920203581652874 -0.6625609702729423 1
24 -2.0344687347628017 -2.329146258610838 57
25 -1.6921156010479874 -1.3180712504717196 37
26 0.8988776354537181 0.2897483636043576 45
27 -0.1512511475862902 -2.1534302325740713 8
28 1.6811689962470726 -1.1407601263130211 21
29 -1.0432927617094743 -1.3570397719306537 31
endpoint1 endpoint2
3 15
10 11
2 18
15 20
7 12
9 22
26 28
18 26
2 22
3 28
4 12
19 22
25 27
12 16
7 29
11 19
16 17
8 24
4 19
5 18
10 12
8 20
5 25
6 25
4 23
12 17
9 12
15 18
11 18
2 27
25 29
15 22
1 24
6 18
12 14
10 13
8 21
16 23
10 24
15 29
17 22
3 19
8 17
14 20
10 23
6 12
14 29
0 23
2 7
4 11
15 17
20 23
4 6
5 16
7 26
13 14
0 26
3 22
21 29
10 25
11 29
3 8
17 21
24 25
16 20
19 23
8 27
11 25
0 2
21 24
