nnodes nedges type
30 50 graph
nodename posx posy weight
0 -1.2849182117481606 0.47987659504480334 7
1 1.2856430244881656 -0.5486746888494852 62
2 0.002275641371613909 -0.42908235647568943 86
3 -0.7843951672934546 2.004197354676637 38
4 0.15293510169175376 2.6489370691467817 96
5 -1.1272821756509515 3.030962416542295 33
6 -2.4079083397278707 1.0746310491337485 41
7 -1.0148699104014245 -0.05743414330768172 48
8 0.9464681526352751 -0.09739929315563804 36
9 0.7855781691360653 1.48684833190791 29
10 1.690028792887078 2.432649896248601 26
11 1.0275631190301127 0.6948793142691145 81
12 0.39566531700151397 1.920339224158311 53
13 -1.3980005561589528 0.9233590746971465 97
14 -2.349201610465971 -0.2582092191974169 70
15 -1.8122534566511552 2.8714212786117086 68
16 2.4166619529594566 1.5772471820708347 11
17 1.8539473652198248 0.6603811446753 2
18 -0.2640096300608672 0.9329392095937427 24
19 0.5197313847988966 3.8071349846668916 70
20 0.15542683545566424 0.30072163440002864 57
21 -0.24829776614431942 1.3767403326489247 57
22 2.874820474307761 0.3170437385481762 48
23 1.427585923360466 1.0650683290893976 56
24 -2.0344522245282146 1.9614237348159058 64
25 -0.3752405642144695 2.899689194535414 6
26 -1.3652429970860196 -0.7235709297142258 33
27 -0.4812714904950573 0.4164849397496817 51
28 -0.3163958570570848 -0.9519445523643296 75
29 2.0872274491346734 -0.041401064589986054 68
endpoint1 endpoint2
11 16
3 15
3 25
8 23
0 14
1 17
0 7
3 21
6 24
9 18
1 20
0 21
4 9
4 19
5 25
8 27
8 29
9 17
7 28
13 20
3 27
18 20
12 21
13 24
9 20
4 5
7 27
23 29
12 25
0 18
5 24
7 18
9 10
12 18
5 15
17 22
22 29
11 21
11 17
26 27
2 28
7 26
7 13
2 11
9 23
0 6
20 28
12 23
3 4
0 2
