nnodes nedges type
20 50 graph
nodename posx posy weight
0 -0.3947681836021054 -0.39402312238587395 86
1 1.2026161017626782 -0.7685924643331508 48
2 1.290947984716045 -0.03038456000743681 6
3 1.1563604814077615 0.6848762071646736 79
4 -0.8729535520205186 0.2788129997197457 27
5 -0.09703518901999737 1.4125026921852408 89
6 0.941185177707443 1.7531280934619322 75
7 -1.4714160827097225 -0.00019399554087415056 48
8 0.5864421318842581 -1.7380676686297991 58
9 -0.16115626764321328 0.10940111223800371 35
10 -1.116064839531084 -2.2129427160107746 96
11 0.7757210920519786 -0.34460273998902063 58
12 1.0497034786304569 1.1463946187171896 82
13 0.2138459806705004 -0.1378825316150283 91
14 0.1363334912883766 0.891198511294326 85
15 -0.039645432975522234 -1.252390558233095 11
16 0.05037847867887634 -2.2581280951350045 21
17 -0.8753288672425378 -1.1530392746540403 7
18 0.6952272347970418 0.08776112259729098 16
19 0.49936947135330984 -1.000130457657899 16
endpoint1 endpoint2
1 3
10 17
2 18
0 14
3 11
0 7
1 15
8 19
18 19
2 12
9 18
1 11
11 19
3 14
6 14
4 9
2 19
2 9
0 15
5 12
4 13
0 17
2 13
9 11
0 11
3 6
8 16
8 15
9 14
12 14
4 5
1 13
13 15
0 18
12 18
1 19
8 17
6 12
16 19
7 9
3 5
15 17
13 14
10 16
0 19
4 17
1 18
3 18
1 8
9 19
