nnodes nedges type
30 50 graph
nodename posx posy weight
0 -0.301057998662333 3.7194593428203957 13
1 0.3508628099755301 1.8429825185549258 37
2 -0.9737175935050768 1.4342285188179222 92
3 -1.3938165654656502 2.715249983820699 80
4 -0.8493797103159549 0.6766354578724358 9
5 -0.368786201512647 3.1090488253829314 93
6 -2.6999872779419487 0.9002719209872859 93
7 -2.299383435678061 0.28536097105056984 7
8 -0.027039134873699164 2.2279251953681745 95
9 -1.9078225546609706 3.011614899189752 40
10 -2.5918985916322073 2.503029002515851 33
11 0.8775808903562762 2.9492930785023304 70
12 -1.5952437564821484 0.9702030391022993 12
13 1.9589867257462603 3.273124320019026 20
14 -1.902257165979929 1.3364084736756967 16
15 -3.3222804766032916 1.7444809989106627 85
16 -1.2578784147713382 3.907426834218493 52
17 -0.3976906445552711 2.576124215274217 18
18 -2.6990449035544724 1.3571947926296033 28
19 -0.767465769992055 1.9762754889019456 99
20 0.6312622908410318 0.11243714891225597 22
21 -1.0223592652130642 -0.1937166455298863 45
22 0.5736161383591469 1.2985742593472076 70
23 -1.5465545787283457 0.49488879170622907 100
24 0.538225011946181 3.8790483645216933 85
25 -1.6121933822329797 4.951667834909314 42
26 1.283558315750387 -0.7559798657636693 13
27 -0.30127405196522855 0.9192529325606802 35
28 -2.456852153451545 1.8119386841648064 92
29 -0.08952262508077512 -0.04020850662855603 36
endpoint1 endpoint2
7 21
12 27
1 17
5 19
20 29
8 19
0 16
11 24
1 11
5 8
27 29
18 23
20 26
4 19
21 27
22 27
3 10
6 10
14 18
9 28
10 18
2 23
9 17
16 25
7 28
12 28
2 27
20 27
11 13
7 14
5 11
14 19
4 14
5 24
9 10
9 16
1 19
2 3
17 22
6 23
14 15
6 12
0 8
3 5
4 29
5 16
1 27
15 28
23 27
8 27
